 900,-1.446000
 901,-1.087000
 902, 0.536000
 903,-0.741000
 904, 0.808000
 905, 1.801000
 906,-1.546000
 907,-1.967000
 908, 1.568000
 909, 0.559000
 910,-0.393000
 911, 1.184000
 912,-0.551000
 913,-1.199000
 914,-0.055000
 915, 0.380000
 916, 0.163000
 917, 0.443000
 918, 0.477000
 919, 0.406000
 920,-0.622000
 921, 0.022000
 922,-1.023000
 923, 0.375000
 924,-1.936000
 925, 1.648000
 926, 1.203000
 927,-0.972000
 928, 0.480000
 929, 0.593000
 930,-1.728000
 931, 0.552000
 932, 0.131000
 933, 0.274000
 934, 0.078000
 935,-0.403000
 936, 0.458000
 937,-0.214000
 938, 0.202000
 939,-0.726000
 940,-0.074000
 941, 1.551000
 942,-0.433000
 943,-0.827000
 944,-0.211000
 945, 0.477000
 946, 0.642000
 947,-0.475000
 948,-0.415000
 949, 0.831000
 950,-0.001000
 951,-0.629000
 952, 0.201000
 953, 0.851000
 954,-1.889000
 955, 0.202000
 956, 1.639000
 957,-1.372000
 958,-1.013000
 959, 1.190000
 960, 1.072000
 961,-1.123000
 962, 0.160000
 963, 0.638000
 964,-0.509000
 965,-0.435000
 966, 0.845000
 967, 0.272000
 968, 0.325000
 969,-1.877000
 970, 1.036000
 971, 0.042000
 972,-1.217000
 973, 1.980000
 974, 0.851000
 975,-2.545000
 976, 0.090000
 977, 1.701000
 978,-0.170000
 979, 0.240000
 980,-1.241000
 981,-1.814000
 982, 1.965000
 983,-0.121000
 984,-0.901000
 985, 0.411000
 986,-0.082000
 987, 0.192000
 988, 0.837000
 989, 2.024000
 990,-0.972000
 991,-0.871000
 992,-0.939000
 993,-0.773000
 994, 0.732000
 995, 0.135000
 996, 0.749000
 997, 0.088000
 998,-0.138000
 999,-0.981000
1000, 1.601000
1001,-0.826000
1002, 0.283000
1003,-0.239000
1004, 0.920000
1005,-2.914000
1006, 0.670000
1007, 1.613000
1008, 0.550000
1009,-0.483000
1010,-0.003000
1011,-0.234000
1012, 0.035000
1013,-0.013000
1014,-1.408000
1015, 0.405000
1016, 0.743000
1017, 0.495000
1018,-0.193000
1019,-0.738000
1020, 0.639000
1021,-0.014000
1022,-0.913000
1023, 0.173000
1024, 1.263000
1025,-0.223000
1026,-0.026000
1027,-0.453000
1028,-0.054000
1029, 0.107000
1030, 0.258000
1031, 0.164000
1032,-0.263000
1033, 0.406000
1034, 0.592000
1035,-1.618000
1036,-0.162000
1037, 0.638000
1038, 0.395000
1039,-0.432000
1040, 0.073000
1041,-0.726000
1042, 0.925000
1043, 0.036000
1044,-0.783000
1045, 0.535000
1046,-0.151000
1047, 0.549000
1048,-1.194000
1049, 0.273000
1050, 0.401000
1051,-0.466000
1052, 1.011000
1053,-0.071000
1054, 0.669000
1055,-1.125000
1056,-0.059000
1057, 0.707000
1058,-0.617000
1059,-0.939000
1060, 1.019000
1061, 1.008000
1062,-1.868000
1063, 0.051000
1064, 0.609000
1065, 1.679000
1066, 0.758000
1067,-1.985000
1068,-0.963000
1069, 0.006000
1070, 0.480000
1071, 0.124000
1072, 0.518000
1073,-0.171000
1074,-0.532000
1075,-0.617000
1076, 0.694000
1077, 0.245000
1078,-0.266000
1079, 0.806000
1080, 0.301000
1081,-1.194000
1082, 1.048000
1083,-0.943000
1084, 0.892000
1085,-0.851000
1086,-0.747000
1087, 0.938000
1088, 1.118000
1089, 0.960000
1090,-2.222000
1091,-0.668000
1092, 0.950000
1093,-0.567000
1094, 0.012000
1095, 0.389000
1096, 1.070000
1097,-0.362000
1098,-0.710000
1099,-0.707000
1100, 0.573000
1101,-0.221000
1102, 0.644000
1103, 0.030000
1104,-0.373000
1105, 0.082000
1106, 0.517000
1107,-0.011000
1108,-1.171000
1109, 0.414000
1110, 0.571000
1111,-0.236000
1112, 0.236000
1113,-0.147000
1114,-0.285000
1115,-0.936000
1116, 0.966000
1117, 0.568000
1118, 0.195000
1119,-0.110000
1120, 0.156000
1121,-1.569000
1122, 1.686000
1123,-0.595000
1124, 0.407000
1125, 0.668000
1126,-2.334000
1127,-0.154000
1128, 1.487000
1129, 1.480000
1130,-0.940000
1131,-0.676000
1132,-0.052000
1133, 0.094000
1134,-0.549000
1135,-0.618000
1136, 1.141000
1137, 0.109000
1138,-0.630000
1139, 0.915000
1140,-1.308000
1141, 0.797000
1142, 0.521000
1143,-0.275000
1144, 0.524000
1145, 0.706000
1146,-1.405000
1147, 0.196000
1148,-0.420000
1149, 0.981000
1150,-1.601000
1151,-0.856000
1152, 1.799000
1153, 0.311000
1154,-0.429000
1155, 0.936000
1156,-0.862000
1157,-0.001000
1158,-1.769000
1159, 1.142000
1160, 1.138000
1161,-1.472000
1162, 0.735000
1163, 0.930000
1164,-0.780000
1165, 0.815000
1166,-0.837000
1167, 0.879000
1168,-0.471000
1169,-0.920000
1170,-0.630000
1171, 1.194000
1172, 0.241000
1173, 1.275000
1174,-1.108000
1175,-0.152000
1176,-0.203000
1177,-1.097000
1178, 0.954000
1179,-0.373000
1180, 0.540000
1181, 1.070000
1182,-1.243000
1183,-0.962000
1184, 2.098000
1185, 0.205000
1186,-1.561000
1187,-0.222000
1188, 0.525000
1189,-0.553000
1190, 0.676000
1191, 0.241000
1192,-0.224000
1193,-0.395000
1194,-0.720000
1195, 1.345000
1196,-0.324000
1197, 1.385000
1198,-0.962000
1199,-1.658000
1200, 0.903000
1201, 0.531000
1202, 0.022000
1203, 0.401000
1204, 0.154000
1205,-0.234000
1206,-0.685000
1207,-0.184000
1208,-0.707000
1209, 1.251000
1210, 0.014000
1211, 0.547000
1212, 0.159000
1213,-0.369000
1214, 0.287000
1215,-0.246000
1216, 0.164000
1217,-1.831000
1218,-0.967000
1219, 1.972000
1220, 0.642000
1221,-0.466000
1222, 0.222000
1223, 0.002000
1224,-0.205000
1225,-0.180000
1226, 1.116000
1227,-2.752000
1228, 1.450000
1229, 1.190000
1230,-0.823000
1231, 0.448000
1232, 0.862000
1233,-1.130000
1234,-1.056000
1235, 1.248000
1236,-1.338000
1237,-0.363000
1238, 1.397000
1239, 0.571000
1240,-1.279000
1241, 0.751000
1242, 0.122000
1243,-0.048000
1244, 0.327000
1245, 0.081000
1246,-0.860000
1247,-0.762000
1248, 0.746000
1249, 1.893000
1250,-0.159000
1251,-1.954000
1252, 0.113000
1253, 1.060000
1254,-1.777000
1255, 0.912000
1256, 0.402000
1257, 0.473000
1258,-2.518000
1259, 1.807000
1260, 0.502000
1261,-0.177000
1262, 0.474000
1263,-1.064000
1264,-0.690000
1265, 0.672000
1266,-0.065000
1267, 0.217000
1268, 0.835000
1269, 0.087000
1270,-0.514000
1271, 0.286000
1272, 0.296000
1273,-0.974000
1274,-0.629000
1275, 2.001000
1276,-1.104000
1277, 0.560000
1278,-0.861000
1279, 0.110000
1280,-0.381000
1281, 0.053000
1282, 0.748000
1283,-0.214000
1284, 0.147000
1285,-0.229000
1286,-0.193000
1287, 0.656000
1288,-1.460000
1289,-0.020000
1290, 1.685000
1291,-0.053000
1292,-1.017000
1293, 0.968000
1294, 0.047000
1295,-0.453000
1296,-0.943000
1297,-0.797000
1298, 2.032000
1299,-0.194000
1300,-0.851000
1301, 0.578000
1302, 0.660000
1303,-0.025000
1304,-1.137000
1305, 1.216000
1306, 0.455000
1307,-1.582000
1308,-0.749000
1309, 0.261000
1310, 0.775000
1311, 0.169000
1312,-0.596000
1313, 1.273000
1314, 1.926000
1315,-0.892000
1316,-2.962000
1317, 0.054000
1318, 1.085000
1319,-0.127000
1320,-0.122000
1321, 1.243000
1322, 0.128000
1323,-0.671000
1324,-1.505000
1325, 0.718000
1326, 1.128000
1327, 0.277000
1328,-1.317000
1329,-1.080000
1330, 0.818000
1331, 0.345000
1332, 0.476000
1333, 1.100000
1334, 0.370000
1335,-1.636000
1336,-0.388000
1337, 1.468000
1338,-1.278000
1339, 0.332000
1340,-0.346000
1341, 0.231000
1342,-0.266000
1343, 0.124000
1344, 0.023000
1345, 0.507000
1346, 0.996000
1347,-1.225000
1348,-0.374000
1349, 0.876000
1350,-0.844000
1351,-0.248000
1352,-1.022000
1353, 1.391000
1354, 0.807000
1355,-1.734000
1356, 0.770000
1357, 0.700000
1358, 0.248000
1359, 1.442000
1360,-1.780000
1361,-0.582000
1362, 0.170000
1363,-0.128000
1364,-0.281000
1365,-0.380000
1366, 0.875000
1367,-0.476000
1368, 1.759000
1369,-1.764000
1370, 0.457000
1371,-0.610000
1372, 0.620000
1373, 0.463000
1374, 0.889000
1375,-0.923000
1376,-0.636000
1377,-0.366000
1378, 0.936000
1379,-1.169000
1380, 1.322000
1381,-0.075000
1382,-1.217000
1383, 1.099000
1384,-0.715000
1385, 0.613000
1386, 0.674000
1387,-0.033000
1388,-0.161000
1389,-0.574000
1390,-1.019000
1391, 0.309000
1392, 0.858000
1393,-0.629000
1394, 0.593000
1395, 0.675000
1396, 0.619000
1397,-1.225000
1398, 0.085000
1399,-1.449000
1400, 0.324000
1401, 0.369000
1402, 0.084000
1403,-0.676000
1404, 1.683000
1405,-0.171000
1406, 0.548000
1407,-2.053000
1408, 0.541000
1409, 1.479000
1410,-0.334000
1411,-0.831000
1412, 1.060000
1413,-1.855000
1414, 2.038000
1415,-1.035000
1416,-0.649000
1417, 0.518000
1418, 0.691000
1419,-0.911000
1420, 1.128000
1421,-0.248000
1422,-0.453000
1423,-1.537000
1424, 0.530000
1425, 0.404000
1426, 0.505000
1427, 0.658000
1428, 0.436000
1429,-0.750000
1430,-0.431000
1431, 0.333000
1432,-0.286000
1433, 0.560000
1434,-0.031000
1435,-0.015000
1436, 0.572000
1437,-0.769000
1438,-0.837000
1439,-0.594000
1440, 0.335000
1441, 2.039000
1442,-0.742000
1443, 0.502000
1444,-0.558000
1445,-0.552000
1446,-0.223000
1447, 0.446000
1448,-0.346000
1449, 0.518000
1450,-0.885000
1451, 1.238000
1452, 0.064000
1453, 0.454000
1454, 0.212000
1455,-1.618000
1456,-0.222000
1457, 0.052000
1458, 1.186000
1459,-0.703000
1460,-0.511000
1461, 0.119000
1462, 1.410000
1463, 0.237000
1464,-1.721000
1465,-1.286000
1466, 1.477000
1467, 1.795000
1468,-1.160000
1469, 0.477000
1470, 0.309000
1471,-1.750000
1472, 0.541000
1473, 0.573000
1474, 0.007000
1475,-1.605000
1476, 0.134000
1477, 0.934000
1478, 1.209000
1479,-0.715000
1480,-1.107000
1481, 0.122000
1482, 0.425000
1483,-1.392000
1484, 1.807000
1485, 0.119000
1486, 1.321000
1487,-0.715000
1488,-1.142000
1489,-0.085000
1490, 0.318000
1491, 0.578000
1492,-0.168000
1493, 0.322000
1494, 0.849000
1495,-1.856000
1496,-0.892000
1497,-0.612000
1498, 2.312000
1499, 1.078000
1500,-1.231000
1501,-0.187000
1502,-0.601000
1503,-0.158000
1504, 1.173000
1505, 0.181000
1506,-2.080000
1507, 0.782000
1508, 0.271000
1509, 0.718000
1510,-1.041000
1511, 1.210000
1512,-0.269000
1513,-0.294000
1514, 1.012000
1515,-0.392000
1516,-0.705000
1517,-0.797000
1518,-0.561000
1519, 1.886000
1520, 0.257000
1521, 0.654000
1522,-2.002000
1523, 0.138000
1524,-0.162000
1525,-0.179000
1526, 1.951000
1527, 0.322000
1528,-1.712000
1529,-0.503000
1530, 1.485000
1531, 0.389000
1532,-1.878000
1533,-0.183000
1534, 0.028000
1535,-0.198000
1536, 1.769000
1537, 0.778000
1538,-2.376000
1539, 1.020000
1540, 1.549000
1541, 0.471000
1542,-2.922000
1543, 0.643000
1544, 0.048000
1545, 0.005000
1546, 0.638000
1547,-0.768000
1548,-0.948000
1549, 0.963000
1550, 0.847000
1551,-0.337000
1552,-1.308000
1553, 0.789000
1554, 0.214000
1555, 0.367000
1556, 0.347000
1557, 0.493000
1558,-0.438000
1559,-0.260000
1560, 0.034000
1561,-0.795000
1562,-0.282000
1563,-0.377000
1564, 1.008000
1565, 1.289000
1566,-0.100000
1567,-1.408000
1568,-0.163000
1569, 0.677000
1570, 0.366000
1571,-0.498000
1572, 0.603000
1573,-1.126000
1574, 0.025000
1575, 0.532000
1576,-0.750000
1577, 1.034000
1578, 1.274000
1579,-1.754000
1580,-1.202000
1581, 0.760000
1582, 1.211000
1583, 0.333000
1584,-1.193000
1585,-1.823000
1586, 1.629000
1587, 0.360000
1588, 0.679000
1589, 0.755000
1590,-1.676000
1591,-0.477000
1592,-0.271000
1593,-0.137000
1594, 1.565000
1595,-0.238000
1596, 0.869000
1597,-0.442000
1598,-0.959000
1599, 1.956000
1600,-2.034000
1601,-0.958000
1602, 0.568000
1603, 1.093000
1604, 0.397000
1605,-0.309000
1606,-0.272000
1607,-0.958000
1608, 0.370000
1609,-0.055000
1610, 1.196000
1611, 0.328000
1612, 0.075000
1613,-1.130000
1614,-0.357000
1615, 0.122000
1616,-0.287000
1617, 0.370000
1618, 0.235000
1619,-0.258000
1620, 0.309000
1621, 1.910000
1622,-0.355000
1623,-0.936000
1624,-0.808000
1625, 0.387000
1626,-1.477000
1627, 0.574000
1628, 0.264000
1629, 1.193000
1630, 0.856000
1631,-0.713000
1632,-2.415000
1633, 0.285000
1634, 0.488000
1635, 1.404000
1636, 0.223000
1637,-1.019000
1638,-0.998000
1639, 0.573000
1640, 0.995000
1641,-0.189000
1642, 0.542000
1643, 0.074000
1644, 0.167000
1645,-1.775000
1646, 0.557000
1647, 1.340000
1648,-2.140000
1649, 0.274000
1650, 0.059000
1651, 2.332000
1652, 0.349000
1653,-1.129000
1654,-2.918000
1655, 0.807000
1656, 1.773000
1657,-0.446000
1658,-0.272000
1659,-0.505000
1660, 0.265000
1661, 1.125000
1662, 0.485000
1663,-0.048000
1664,-0.824000
1665, 0.490000
1666, 0.144000
1667,-0.528000
1668,-0.850000
1669, 0.090000
1670,-1.346000
1671, 0.930000
1672, 0.555000
1673,-0.209000
1674, 1.485000
1675,-0.573000
1676,-1.312000
1677, 0.547000
1678, 0.593000
1679,-1.207000
1680, 1.686000
1681,-0.621000
1682,-0.228000
1683, 2.222000
1684,-0.365000
1685,-2.772000
1686,-0.762000
1687, 1.599000
1688, 0.269000
1689, 0.364000
1690,-0.407000
1691,-1.183000
1692, 1.152000
1693, 0.327000
1694, 0.406000
1695, 0.940000
1696,-1.366000
1697,-0.247000
1698,-1.228000
1699, 0.450000
1700, 0.114000
1701, 1.401000
1702, 1.219000
1703,-1.238000
1704,-0.993000
1705,-0.099000
1706, 0.877000
1707, 0.017000
1708,-1.190000
1709,-0.655000
1710, 1.148000
1711, 0.132000
1712, 0.462000
1713, 0.237000
1714, 0.146000
1715,-0.376000
1716,-0.867000
1717,-0.992000
1718, 0.462000
1719, 0.659000
1720, 1.266000
1721,-0.157000
1722,-1.111000
1723, 0.792000
1724,-1.114000
1725,-0.896000
1726, 2.162000
1727, 1.563000
1728,-0.622000
1729,-1.697000
1730,-0.463000
1731, 0.024000
1732, 1.358000
1733,-1.150000
1734, 1.530000
1735,-1.377000
1736,-0.673000
1737, 0.244000
1738, 1.347000
1739,-0.899000
1740, 0.624000
1741, 0.350000
1742,-1.597000
1743, 0.060000
1744,-0.881000
1745, 0.074000
1746, 2.484000
1747, 2.368000
1748,-3.669000
1749, 0.940000
1750, 0.162000
1751, 0.842000
1752,-1.977000
1753, 0.185000
1754, 0.696000
1755,-0.017000
1756,-0.520000
1757,-1.306000
1758, 0.894000
1759, 0.316000
1760,-0.220000
1761, 0.816000
1762, 1.040000
1763,-1.792000
1764, 0.373000
1765,-1.274000
1766, 1.483000
1767, 0.025000
1768,-0.067000
1769, 0.134000
1770,-0.483000
1771, 2.232000
1772,-0.842000
1773,-1.918000
1774,-0.136000
1775, 1.108000
1776, 0.503000
1777,-0.589000
1778,-0.349000
1779, 0.694000
1780,-0.392000
1781, 0.108000
1782,-1.976000
1783, 0.991000
1784, 2.631000
1785,-1.099000
1786,-1.456000
1787, 1.536000
1788, 0.147000
1789,-1.916000
1790,-1.054000
1791, 0.434000
1792, 1.707000
1793, 1.836000
1794,-1.149000
1795,-0.697000
1796, 0.230000
1797, 0.645000
1798,-1.868000
1799, 1.329000
1800,-0.011000
1801,-1.139000
1802, 0.489000
1803, 0.483000
1804, 1.152000
1805,-1.165000
1806,-0.615000
1807, 0.900000
1808,-0.908000
1809,-0.506000
1810, 0.591000
1811, 1.109000
1812,-0.611000
1813,-1.400000
1814, 0.009000
1815, 0.600000
1816, 2.362000
1817, 0.644000
1818,-1.222000
1819,-0.863000
1820,-1.245000
1821, 1.978000
1822,-1.175000
1823,-0.861000
1824,-0.951000
1825, 1.336000
1826, 0.277000
1827, 0.186000
1828, 1.441000
1829,-0.912000
1830,-0.019000
1831,-1.445000
1832, 0.311000
1833, 1.800000
1834,-0.613000
1835,-0.334000
1836,-0.500000
1837, 0.172000
1838, 0.182000
1839, 1.375000
1840, 1.014000
1841,-1.515000
1842,-1.912000
1843, 0.085000
1844, 1.911000
1845,-0.213000
1846, 0.212000
1847,-1.947000
1848,-0.494000
1849, 1.743000
1850, 1.373000
1851,-2.192000
1852, 0.084000
1853, 1.535000
1854, 0.508000
1855,-1.242000
1856,-0.072000
1857,-1.196000
1858, 1.913000
1859,-0.208000
1860,-0.034000
1861,-0.461000
1862, 1.299000
1863,-1.555000
1864,-1.832000
1865, 0.022000
1866, 1.395000
1867, 0.398000
1868, 0.554000
1869, 1.744000
1870,-0.657000
1871,-1.744000
1872, 0.038000
1873,-0.006000
1874,-0.087000
1875,-0.150000
1876, 0.099000
1877, 0.544000
1878, 1.775000
1879,-1.302000
1880,-1.643000
1881, 0.190000
1882, 0.458000
1883,-0.570000
1884, 0.840000
1885, 1.691000
1886,-0.657000
1887,-2.015000
1888, 0.906000
1889, 0.403000
1890,-0.347000
1891, 1.696000
1892, 0.170000
1893,-1.576000
1894,-1.058000
1895, 0.611000
1896,-0.905000
1897, 1.236000
1898, 1.147000
1899,-1.024000
1900,-0.048000
1901, 0.474000
1902,-2.025000
1903, 1.746000
1904,-2.409000
1905, 1.102000
1906, 0.763000
1907, 1.277000
1908, 0.441000
1909,-0.058000
1910,-1.815000
1911,-0.982000
1912, 0.784000
1913,-0.186000
1914, 1.151000
1915, 1.106000
1916,-0.057000
1917,-0.905000
1918,-1.828000
1919, 0.684000
1920, 1.404000
1921, 0.461000
1922,-0.819000
1923,-0.129000
1924, 0.652000
1925,-2.262000
1926, 1.012000
1927, 0.771000
1928, 0.217000
1929,-0.855000
1930, 0.157000
1931, 0.015000
1932, 1.325000
1933, 0.416000
1934,-2.694000
1935, 1.040000
1936,-0.552000
1937, 0.430000
1938, 0.931000
1939,-1.740000
1940,-1.080000
1941, 1.902000
1942, 1.221000
1943,-0.930000
1944, 0.311000
1945, 0.431000
1946,-1.302000
1947, 0.489000
1948,-0.124000
1949, 1.261000
1950,-0.624000
1951,-0.970000
1952, 1.412000
1953, 0.024000
1954,-0.871000
1955,-0.112000
1956,-1.526000
1957, 0.520000
1958, 1.804000
1959,-0.855000
1960, 0.345000
1961,-0.873000
1962, 0.934000
1963,-0.626000
1964,-0.944000
1965, 1.418000
1966,-0.163000
1967,-0.693000
1968, 0.478000
1969, 0.957000
1970, 0.288000
1971,-1.466000
1972,-0.588000
1973, 2.052000
1974,-1.747000
1975, 1.212000
1976,-0.094000
1977,-1.576000
1978, 0.270000
1979, 1.870000
1980,-0.827000
1981,-0.856000
1982,-0.565000
1983, 1.653000
1984, 0.203000
1985,-0.089000
1986,-0.409000
1987, 1.672000
1988,-0.730000
1989,-1.475000
1990,-0.998000
1991,-0.109000
1992, 1.379000
1993, 1.873000
1994,-1.652000
1995, 0.531000
1996,-0.758000
1997,-0.393000
1998, 0.977000
1999, 1.434000
2000,-1.019000
2001, 0.065000
2002,-1.078000
